Date,Words,Total Count
May 30 2015,997,13500
June 7 2015,497,13950
June 8 2015,825,14829
June 9 2015,560,15389
June 10 2015,478,15867
June 11 2015,1395,17262
June 12 2015,1034,18296
June 13 2015,370,18666
June 14 2015,373,19039
June 15 2015,322,19361
June 16 2015,451,19874
June 17 2015,460,20334
June 18 2015,446,20780
June 19 2015,784,21564
June 20 2015,514,22078
June 21 2015,427,22505
June 22 2015,1127,23632
June 23 2015,611,24243
June 23 2015,680,24312
June 24 2015,249,24561
June 24 2015,396,24708
June 24 2015,639,24951
June 25 2015,958,25909
June 26 2015,10,25919
June 27 2015,357,26276
June 28 2015,82,26358
